0.46669480897422555
0.16027152690826663
0.08578291926457839
0.08206511931804618
0.05871614419399494
0.06075594313466569
0.05717326633840969
0.07471535256773265
0.053606957800126205
0.06089636020363153
0.05300981765823084
0.05259772047965969
0.05621702292418764
0.06335303568286127
0.05468137555422161
0.052155346239236886
0.05281003809024866
0.05216500651699734
0.0521529013691413
0.053241409390729015
0.052222728024952716
0.05391382850106296
0.05288451756747744
0.06016736834684161
0.05257610049210404
0.05365385556673923
0.05215069004888059
0.052208129938234926
0.05274902872977119
0.06109259490351156
0.056367468997222
0.06372210304038828
0.05411885226490559
0.05498637935178919
0.06391630296959663
0.06152177989191372
0.0645192121192886
0.08509419427994379
0.07620739162501758
0.10595453465589458
0.09560287436493882
0.10602049538623574
0.1243893924713239
0.13255812951185406
0.15803076936338634
0.1593354248498675
0.15792343023666405
0.12800380190474955
