0
0
0.16027152690826663
0
0.08206511931804618
0.14078126351204112
0.20153720664670682
0
0.07471535256773265
0.12832231036785885
0.1892186705714904
0
0.05259772047965969
0.10881474340384734
0.1721677790867086
0.22684915464093022
0
0.05281003809024866
0.104975044607246
0.1571279459763873
0.21036935536711632
0
0.05391382850106296
0.1067983460685404
0.166965714415382
0.21954181490748603
0
0.05215069004888059
0.10435881998711552
0.1571078487168867
0.21820044362039825
0
0.06372210304038828
0.11784095530529387
0.17282733465708305
0.2367436376266797
0
0.0645192121192886
0.14961340639923237
0.22582079802424995
0
0.09560287436493882
0.20162336975117456
0
0.13255812951185406
0
0.1593354248498675
0
0.12800380190474955
0
