0.46050427452191406
0.15848938749155705
0.09005307653124993
0.08064914084043254
0.05750316710591217
0.06850925425012361
0.05604278815297906
0.07357148323022983
0.05549442466810312
0.05661382992427554
0.05308967661964318
0.052978472420089136
0.05542664811170505
0.06765211262301589
0.05567951132455569
0.05215285831833549
0.0522137371832816
0.05218031429955671
0.05226671505217404
0.05215176596002901
0.05216126213300093
0.053082069675150854
0.05216802625947862
0.054023204947821146
0.05217125833587355
0.05311058884708804
0.05221622555394738
0.05238107764079359
0.052156742016655606
0.054816336259876565
0.05314730151885224
0.05457560785562507
0.05270011175884588
0.05371217870456867
0.0666997310520246
0.054683925471121615
0.05675883782101809
0.06909983605940453
0.06679375912818564
0.09029765510232621
0.08418293619024288
0.09382429287077476
0.12134992312938797
0.125612626273448
0.15709064081951046
0.1602311293562076
0.1560629307194739
0.12418481404750566
