0
0
0
0.09005307653124993
0
0.05750316710591217
0.12601242135603577
0
0.07357148323022983
0.12906590789833294
0
0.05308967661964318
0.10606814903973232
0
0.06765211262301589
0.12333162394757158
0
0.0522137371832816
0.10439405148283831
0
0.05215176596002901
0.10431302809302995
0
0.05216802625947862
0.10619123120729976
0
0.05311058884708804
0.10532681440103542
0
0.052156742016655606
0.10697307827653217
0
0.05457560785562507
0.10727571961447095
0
0.0666997310520246
0.12138365652314623
0
0.06909983605940453
0.13589359518759017
0
0.08418293619024288
0
0.12134992312938797
0
0
0
0
0.12418481404750566
0
