0.45896351382599987
0.15849121645693615
0.09011479784791443
0.0806857880024352
0.057546969486780515
0.06856342739677834
0.05608432517509819
0.07361953716222155
0.055519261375135354
0.0566764822446377
0.05311736516814772
0.053009478130580844
0.055491355473758164
0.06769579660098042
0.05571120343255615
0.05215058124176372
0.05219988997014505
0.05218527357627653
0.052240328273161975
0.052153162168023626
0.05215506903047821
0.053172025327251904
0.05216555717646283
0.054183176034922786
0.0521763217654786
0.05324024341904806
0.05219203400821002
0.052322737859308466
0.05216997996185294
0.055087831843522485
0.05318199040216649
0.054965550307397526
0.05280032891931858
0.05387183993031926
0.06808680362683814
0.05520375321128582
0.057291456148329596
0.07099122491928635
0.06804690536709179
0.0934405391071327
0.08719071462951694
0.09743773010410217
0.12616306025028845
0.12984089427481083
0.1589374613829426
0.16098292332278485
0.15486841396653156
0.12255478860088355
