0.5123693579530987
0.15917660971543318
0.0820430638102988
0.07859514315059253
0.05754169200954636
0.05830711422396495
0.0558633278112636
0.07305609627066052
0.05329973244511827
0.05962447224096422
0.05252986767990647
0.05249634394337337
0.05546188382629159
0.06305710612841742
0.05422043398098244
0.05215019672478155
0.05268041521625123
0.05217627410635919
0.052153980638520364
0.05245714863966008
0.052154634429116775
0.054266750485802734
0.05261167644205544
0.059998887800762624
0.05273206252713403
0.05344735446324076
0.05217277470331776
0.05225181029103866
0.05287323816200937
0.06277680164415929
0.055344178452369885
0.06506536912238443
0.05431511187484318
0.05431866201390148
0.06411657644070032
0.06212687396898559
0.062814454412039
0.08537325143757665
0.0740123929562875
0.10541178616349096
0.09483192580428121
0.10496264658272719
0.12465470479217301
0.13478046602704472
0.15733993875214863
0.16008982583665926
0.15658939729472998
0.12332565804149735
