0
0
0
0.0820430638102988
0
0.05754169200954636
0.11584880623351132
0
0.07305609627066052
0.1263558287157788
0
0.05252986767990647
0.10502621162327985
0
0.06305710612841742
0.11727754010939986
0
0.05268041521625123
0.10485668932261041
0
0.05245714863966008
0.10461178306877686
0
0.05261167644205544
0.11261056424281807
0
0.05344735446324076
0.10562012916655852
0
0.05287323816200937
0.11565003980616866
0
0.06506536912238443
0.11938048099722762
0
0.06411657644070032
0.1262434504096859
0
0.08537325143757665
0
0.10541178616349096
0
0.10496264658272719
0
0.13478046602704472
0
0
0
0.12332565804149735
0
