0.4667270623247665
0.16027906319059326
0.08544664346315682
0.08196077041296686
0.058602584974483965
0.06061587388214394
0.057064935393353534
0.0744905377653468
0.05353102233208765
0.060720243833038305
0.05293990917074628
0.052541392094586095
0.05604251982659648
0.06319988373110164
0.054572711618442384
0.05214985090017682
0.0527028918799524
0.05215533016027947
0.05215091727592317
0.05317016897220973
0.05228096822692412
0.05366163279990262
0.052824120987912615
0.05956045374318045
0.05248735909439649
0.05336458908072544
0.05217937977997486
0.052160455668083895
0.052552580216930635
0.060139645425521936
0.05585419445797425
0.06251526963004313
0.053703821515823175
0.054186561540781455
0.06223848586389744
0.059926822886187926
0.06222505000880308
0.08235862859404178
0.07292474243117164
0.10271202593796888
0.09252726492185769
0.10332481751853609
0.12196232112275009
0.13181008583993314
0.15769029741892665
0.15958258476890652
0.15812579177027067
0.12670975660090833
