0
0
0
0.08544664346315682
0
0.058602584974483965
0.1192184588566279
0
0.0744905377653468
0
0.060720243833038305
0.11366015300378458
0
0.05604251982659648
0.1192424035576981
0
0.05214985090017682
0.10485274278012921
0
0.05215091727592317
0.10532108624813291
0
0.05366163279990262
0.10648575378781523
0
0.05248735909439649
0.10585194817512192
0
0.052160455668083895
0.10471303588501453
0
0.05585419445797425
0.11836946408801738
0
0.054186561540781455
0.1164250474046789
0
0.06222505000880308
0
0.07292474243117164
0
0.09252726492185769
0
0
0
0
0
0
0
0
