0.5074046653909212
0.15907597818944247
0.08182967094839555
0.0783592987404941
0.057377181033830986
0.0581032107150142
0.05570436754389571
0.07271514218621282
0.05320685646807263
0.059342461610309524
0.05246087982154791
0.052421281418757446
0.055210588996847415
0.0629488856620688
0.054144897139102866
0.05215247753394528
0.05254523924599821
0.05216214900748297
0.052182750189594306
0.05243763071962535
0.0521771831871104
0.053916206009205575
0.052627138984623255
0.05915255953632932
0.05270130311845904
0.05309754605233058
0.05214969181520247
0.05217577359536395
0.05273428108846363
0.06162853999356054
0.05516339626615238
0.06346820626506537
0.05386766751456887
0.05380107451424436
0.062342537292947295
0.060470903609467754
0.06141588268750265
0.08297620063282858
0.0719409690528102
0.10352745272014834
0.09286815009256966
0.1037607657652994
0.12481276406476992
0.13581149788089297
0.15844890949242632
0.16066261775205243
0.15495867026630253
0.12083407390148554
