0
0
0
0.08182967094839555
0
0.057377181033830986
0.1154803917488452
0
0.07271514218621282
0.12592199865428544
0
0.05246087982154791
0.10488216124030536
0
0.0629488856620688
0.11709378280117166
0
0.05254523924599821
0.10470738825348118
0
0.05243763071962535
0.10461481390673574
0
0.052627138984623255
0.11177969852095257
0
0.05309754605233058
0.10524723786753305
0
0.05273428108846363
0.11436282108202417
0
0.06346820626506537
0.11733587377963424
0
0.062342537292947295
0.12281344090241506
0
0.08297620063282858
0
0.10352745272014834
0
0.1037607657652994
0
0.13581149788089297
0
0
0
0.12083407390148554
0
