1000.0
997.093017578125
994.0828857421875
990.9638671875
987.7301025390625
984.375
980.8917846679688
977.2727661132812
973.5099487304688
969.5945434570312
965.5172119140625
961.2675170898438
956.83447265625
952.2059326171875
947.368408203125
942.3078002929688
937.0079345703125
931.45166015625
925.6197509765625
919.4915161132812
913.04345703125
906.25
899.08251953125
891.5093994140625
883.4951782226562
875.0
865.9793701171875
856.3829956054688
846.1538696289062
835.2272338867188
823.5293579101562
810.9755249023438
797.4683837890625
782.894775390625
767.123291015625
750.0
731.34326171875
710.9375
688.5245361328125
663.7930908203125
636.3636474609375
605.769287109375
571.4285278320312
532.6087036132812
488.3720703125
437.4999694824219
378.37835693359375
308.8235168457031
225.8064422607422
125.0
