0.4690823771433857
0.1602520790457415
0.08549156602471654
0.08198185600603483
0.05862563438710339
0.06065588844311384
0.057081716039267864
0.07461087720947676
0.053557044575781615
0.06078619997992931
0.052976692823310634
0.05256404320591572
0.056128870717150156
0.06322649044060477
0.054604444475313554
0.052151812728523476
0.05275885303581552
0.05215801526575112
0.0521498922675071
0.053182393830350026
0.052254210422315955
0.05379552933647954
0.05283109208197392
0.05989623124282755
0.05251745766941339
0.05352845646464133
0.05215985647467124
0.0521802878004944
0.05264896257167172
0.06069519989426188
0.05609199943217782
0.0631102612602284
0.05386595339845755
0.05456700464867248
0.06301024864581152
0.06061065766602531
0.06300867261981041
0.08333600232895935
0.07401197524436165
0.1037714539050062
0.09369323217894435
0.10430909523944316
0.12290376382265279
0.13167706229095055
0.15792317865149694
0.15954181724875147
0.15804626232994767
0.12479026669414947
