0
0
0
0.08549156602471654
0
0.05862563438710339
0.11928152283021723
0
0.07461087720947676
0.12816792178525838
0
0.052976692823310634
0.10554073602922635
0
0.06322649044060477
0.11783093491591833
0
0.05275885303581552
0.10491686830156663
0.15706676056907373
0
0.052254210422315955
0.1060497397587955
0.15888083184076943
0
0.05251745766941339
0.10604591413405472
0.15820577060872595
0
0.05264896257167172
0.1133441624659336
0
0.0631102612602284
0.11697621465868595
0
0.06301024864581152
0.12362090631183684
0
0.08333600232895935
0.157347977573321
0
0.09369323217894435
0
0.12290376382265279
0
0.15792317865149694
0
0.15804626232994767
0
0
