0.4579043285589984
0.15847687809420852
0.09002578980678988
0.08062650020307854
0.057496197393873585
0.06851575079426336
0.05603367449886475
0.07357090758796103
0.05547356481478371
0.05659993635880686
0.05309148382413168
0.05297251096138492
0.055433729760358756
0.06758999281516792
0.05564660726259483
0.05215328361291698
0.05221554003366189
0.052177982278490825
0.052267187726745455
0.05215072007335651
0.05216229271652033
0.05307488004270692
0.05217235146971686
0.05401498972366393
0.05216618753429679
0.05310026117810909
0.052222985267657236
0.05239537505534236
0.05215473848986879
0.05477331842451676
0.05311314691153434
0.05451320642405494
0.05266777902070792
0.05365268568696171
0.06647129828664278
0.05458212816961748
0.05654980492240076
0.06864232932803939
0.06625838030280143
0.08955273853392082
0.0831923182986667
0.09262447702569404
0.12040129571856988
0.12481368988089539
0.15671251673992287
0.16017957167854907
0.15613787397982387
0.12388474814024258
