0
0
0
0.09002578980678988
0
0.057496197393873585
0.12601194818813694
0
0.07357090758796103
0.12904447240274475
0
0.05309148382413168
0.10606399478551659
0
0.06758999281516792
0.12323660007776274
0
0.05221554003366189
0.10439352231215271
0
0.05215072007335651
0.10431301278987684
0
0.05217235146971686
0.10618734119338079
0
0.05310026117810909
0.10532324644576632
0
0.05215473848986879
0.10692805691438556
0
0.05451320642405494
0.10718098544476286
0
0.06647129828664278
0.12105342645626026
0
0.06864232932803939
0.13490070963084083
0
0.0831923182986667
0
0.12040129571856988
0
0
0
0
0.12388474814024258
0
