0.46737288937724647
0.16028690483073238
0.08560193664580376
0.08211203120739669
0.058713018134495094
0.06076070388677855
0.05719002486238101
0.07470518329747644
0.05361746105889709
0.06089384811582092
0.053005827676718735
0.05258883432813495
0.056197921940666945
0.06337556436991243
0.054671484796360026
0.05215251002434039
0.05279200937939534
0.05216383147955752
0.052150892569527166
0.05325246065562722
0.05223809646296736
0.05385145734717276
0.05290552583182907
0.0600205164758517
0.052575894445228935
0.05357282048458114
0.05215336962247931
0.05219636219644324
0.05270566588432081
0.06085242310662612
0.05627776556915273
0.06333575101090497
0.054004773356170745
0.05474925906627171
0.06329077905740453
0.06101175754153197
0.06372831279854517
0.08381191673710325
0.07488151249164603
0.10393273785069142
0.09409310555491528
0.10418349766341387
0.12211085955910492
0.13113399357774225
0.15708793470626378
0.15883083383511587
0.15929899199358027
0.12976874415001194
