0.4686643181916051
0.16028750986907084
0.08583164376078556
0.08210616248566616
0.05875301669299342
0.06080105215453653
0.05721978760897717
0.0747932294016454
0.05362896241340262
0.060954682111359015
0.05302866715687828
0.05260697843235051
0.05625195032763806
0.06332987841592902
0.054669548910849027
0.05215456590939465
0.0528314373962601
0.052165847094802
0.05215330697153792
0.05322607834103853
0.052222153906260275
0.05394766799514373
0.052892984617659664
0.060276615192697176
0.052590676794346466
0.053695052240415375
0.052149985531846556
0.052212403885337766
0.05276445730109574
0.06111205185963775
0.05642097395221891
0.06375148704895942
0.054189922285606436
0.05498266909484134
0.06346576692653785
0.06098415074661768
0.06345355046497625
0.08338178065033
0.0743160351378057
0.10374569110815565
0.09332180685914321
0.10370657186326218
0.12248483976136904
0.13141806362704664
0.15762039899216237
0.15939862684235329
0.157615971610496
0.12731538374646884
