0
0
0.16028750986907084
0
0.08210616248566616
0.1408591791786596
0
0.05721978760897717
0.13201301701062257
0.1856419794240252
0
0.05302866715687828
0.10563564558922879
0.16188759591686686
0
0.054669548910849027
0.10682411482024368
0.1596555522165038
0
0.05215330697153792
0.10537938531257646
0.15760153921883674
0
0.052892984617659664
0.11316959981035685
0.16576027660470333
0
0.052149985531846556
0.10436238941718431
0.15712684671828006
0
0.05642097395221891
0.12017246100117832
0.17436238328678474
0
0.06346576692653785
0.12444991767315552
0.18790346813813177
0
0.0743160351378057
0.17806172624596134
0
0.10370657186326218
0
0.13141806362704664
0
0.15939862684235329
0
0.12731538374646884
0
