0.4684200512297032
0.16026840026310368
0.08574261311890578
0.08206017890550368
0.05869377175388906
0.06072473789977657
0.057166315219776526
0.07468663961184108
0.05360298978155989
0.06086653575106827
0.05299959781858647
0.05258320656018469
0.056176795263249445
0.06335319440868128
0.054651519882092624
0.05215344134467184
0.0527922677618435
0.052164717192418414
0.05215085683702043
0.05324014537345058
0.0522345078754009
0.05386245522518524
0.05289800071346284
0.06005880294506283
0.052576092666660676
0.05360128251610425
0.052153444670187434
0.05219634601835835
0.05270443644755766
0.060855451125577
0.05631457831527475
0.06353638685677773
0.05407311185008172
0.05493084009237794
0.06355520348098406
0.06114778098710618
0.0639219317143957
0.08444426300824262
0.07595639873024859
0.10559568248196595
0.09541813126433119
0.10569986408724781
0.12426424916420543
0.13240594709309994
0.15802106906159363
0.15925783282960637
0.15801242446614644
0.1284035430574629
