0
0
0.16026840026310368
0
0.08206017890550368
0.14075395065939275
0
0.057166315219776526
0.1318529548316176
0.1854559446131775
0
0.05299959781858647
0.10558280437877116
0.1617595996420206
0
0.054651519882092624
0.10680496122676447
0.15959722898860798
0
0.05215085683702043
0.10539100221047101
0.15762551008587192
0
0.05289800071346284
0.11295680365852567
0.16553289632518636
0
0.052153444670187434
0.10434979068854577
0.15705422713610342
0
0.05631457831527475
0.11985096517205249
0.1739240770221342
0
0.06355520348098406
0.12470298446809025
0.18862491618248595
0
0.07595639873024859
0.18155208121221456
0
0.10569986408724781
0
0.13240594709309994
0
0.15925783282960637
0
0.1284035430574629
0
