0.3635681142129372
0.1609312155878495
0.09153209551600212
0.0808336476974857
0.058416248668751676
0.0639056065148576
0.05656121044476384
0.07447421301972068
0.05606836765141296
0.059958506173262274
0.053306173566936614
0.0524667220342458
0.05617942260862017
0.06369663817041321
0.05821092756717838
0.05214974894641145
0.05215142951674394
0.05215759288996724
0.052156931884824925
0.05217920995677555
0.05228226368340713
0.052370423711425626
0.052206369253453164
0.054602841570612085
0.05252130258302959
0.056337930003992835
0.05215118061245091
0.05215345935571687
0.05228715571038937
0.05587462630372278
0.053324084948111396
0.056964491574755555
0.05325787011800597
0.05452130788278207
0.06563047619336929
0.05897927200226853
0.05904445588588034
0.07512333553981858
0.06959659199410131
0.10209181026622265
0.09322304784764524
0.10425449506262496
0.12960943615680362
0.13614135127787896
0.1586460891350151
0.16142302695149693
0.15125543788800477
0.12095030571544713
