0
0
0.1609312155878495
0
0.0808336476974857
0.13924989636623739
0
0.05656121044476384
0.13103542346448452
0.18710379111589748
0
0.053306173566936614
0.10577289560118242
0.16195231820980258
0
0.05821092756717838
0.11036067651358983
0.16251210603033378
0
0.052156931884824925
0.10433614184160048
0.1566184055250076
0
0.052206369253453164
0.10680921082406525
0.15933051340709484
0
0.05215118061245091
0.10430463996816777
0.15659179567855713
0
0.053324084948111396
0.11028857652286694
0.16354644664087292
0
0.06563047619336929
0.12460974819563782
0.18365420408151817
0
0.06959659199410131
0.17168840226032395
0
0.10425449506262496
0
0.13614135127787896
0
0.16142302695149693
0
0.12095030571544713
0
